{
 "cells": [
  {
   "cell_type": "code",
   "execution_count": 2,
   "metadata": {},
   "outputs": [],
   "source": [
    "import pandas as pd\n",
    "import numpy as np\n",
    "import duckdb\n",
    "from sklearn.model_selection import train_test_split\n",
    "from sklearn.preprocessing import StandardScaler, OneHotEncoder\n",
    "from sklearn.linear_model import LogisticRegression\n",
    "from sklearn.metrics import classification_report, roc_auc_score, average_precision_score\n",
    "from sklearn.compose import ColumnTransformer\n",
    "from sklearn.pipeline import Pipeline\n",
    "import xgboost as xgb\n"
   ]
  },
  {
   "cell_type": "code",
   "execution_count": 3,
   "metadata": {},
   "outputs": [
    {
     "data": {
      "application/vnd.jupyter.widget-view+json": {
       "model_id": "d75c881f3a4540f8b3404d4ac4a94625",
       "version_major": 2,
       "version_minor": 0
      },
      "text/plain": [
       "FloatProgress(value=0.0, layout=Layout(width='auto'), style=ProgressStyle(bar_color='black'))"
      ]
     },
     "metadata": {},
     "output_type": "display_data"
    }
   ],
   "source": [
    "\n",
    "db_path = \"../Data/capstone.db\"\n",
    "# Veri yükleme (örnek olarak dosya adı 'churn_data.csv')\n",
    "with duckdb.connect(db_path) as con:\n",
    "    df = con.sql(\"select * from churn\").df()\n"
   ]
  },
  {
   "cell_type": "code",
   "execution_count": 4,
   "metadata": {},
   "outputs": [],
   "source": [
    "apps = ['İzleGo', 'RitimGo', 'CüzdanX', 'HızlıPazar', 'Konuşalım']\n",
    "df[apps] = 0\n",
    "for idx, app_list in enumerate(df[\"apps\"]):\n",
    "    for app in app_list:\n",
    "        if app in apps:\n",
    "            df.loc[idx,app] = 1\n",
    "\n",
    "df.drop(axis=1,columns=[\"apps\"], inplace=True)"
   ]
  },
  {
   "cell_type": "code",
   "execution_count": 5,
   "metadata": {},
   "outputs": [],
   "source": [
    "with duckdb.connect(db_path) as con:\n",
    "    con.execute((\"create table if not exists new_churn as select * from df\"))"
   ]
  },
  {
   "cell_type": "code",
   "execution_count": null,
   "metadata": {},
   "outputs": [],
   "source": []
  },
  {
   "cell_type": "code",
   "execution_count": 5,
   "metadata": {},
   "outputs": [],
   "source": [
    "def analyze_data(dataframe, cat_th=10, car_th=20):\n",
    "    \"\"\"\n",
    "    It gives the names of categorical, numerical and categorical but cardinal variables in the data set. It also performs incomplete data analysis.\n",
    "    Parameters\n",
    "    ------\n",
    "        dataframe: dataframe\n",
    "            The dataframe from which variable names are to be retrieved\n",
    "        cat_th: int, optional\n",
    "            Class threshold value for numeric but categorical variables\n",
    "        car_th: int, optional\n",
    "            Class threshold for categorical but cardinal variables\n",
    "\n",
    "    Returns\n",
    "    ------\n",
    "        cat_cols: list\n",
    "            Categorical variable list\n",
    "        num_cols: list\n",
    "            Numerik değişken listesi\n",
    "        cat_but_car: list\n",
    "            Categorical view cardinal variable list\n",
    "    \"\"\"\n",
    "    cat_cols = [col for col in dataframe.columns if dataframe[col].dtype == \"O\"]\n",
    "    num_cols = [col for col in dataframe.columns if dataframe[col].dtype != \"O\"]\n",
    "\n",
    "    num_but_cat = [col for col in num_cols if dataframe[col].nunique() < cat_th]\n",
    "    cat_but_car = [col for col in cat_cols if dataframe[col].nunique() > car_th]\n",
    "\n",
    "    cat_cols = [col for col in cat_cols if col not in cat_but_car]\n",
    "    num_cols = [col for col in num_cols if col not in num_but_cat]\n",
    "\n",
    "    cat_cols = cat_cols + num_but_cat\n",
    "    \n",
    "    print(f\"Number of Observations: {dataframe.shape[0]}\")\n",
    "    print(f\"Number of Variables: {dataframe.shape[1]}\")\n",
    "    print(f'Cat cols: {len(cat_cols)}, Num cols: {len(num_cols)}, Cat but car cols: {len(cat_but_car)}')\n",
    "\n",
    "    return cat_cols, num_cols, cat_but_car"
   ]
  },
  {
   "cell_type": "code",
   "execution_count": 53,
   "metadata": {},
   "outputs": [
    {
     "name": "stdout",
     "output_type": "stream",
     "text": [
      "Number of Observations: 10000000\n",
      "Number of Variables: 20\n",
      "Cat cols: 9, Num cols: 10, Cat but car cols: 1\n"
     ]
    }
   ],
   "source": [
    "cat_features, num_features, cat_but_car = analyze_data(df)"
   ]
  },
  {
   "cell_type": "code",
   "execution_count": 7,
   "metadata": {},
   "outputs": [
    {
     "name": "stdout",
     "output_type": "stream",
     "text": [
      "service_type\n",
      "Prepaid      3336442\n",
      "Postpaid     3332346\n",
      "Broadband    3331212\n",
      "Name: count, dtype: int64\n",
      "auto_payment\n",
      "False    3328768\n",
      "True     3326484\n",
      "Name: count, dtype: int64\n",
      "overdue_payments\n",
      "0    4446094\n",
      "2    1112157\n",
      "5    1112062\n",
      "1    1110506\n",
      "3    1109719\n",
      "4    1109462\n",
      "Name: count, dtype: int64\n",
      "churn\n",
      "False    9866347\n",
      "True      133653\n",
      "Name: count, dtype: int64\n",
      "İzleGo\n",
      "0    9699720\n",
      "1     300280\n",
      "Name: count, dtype: int64\n",
      "RitimGo\n",
      "0    9001098\n",
      "1     998902\n",
      "Name: count, dtype: int64\n",
      "CüzdanX\n",
      "0    9899571\n",
      "1     100429\n",
      "Name: count, dtype: int64\n",
      "HızlıPazar\n",
      "0    9900086\n",
      "1      99914\n",
      "Name: count, dtype: int64\n",
      "Konuşalım\n",
      "0    8001366\n",
      "1    1998634\n",
      "Name: count, dtype: int64\n"
     ]
    }
   ],
   "source": [
    "for col in cat_features:\n",
    "    print(df[col].value_counts())"
   ]
  },
  {
   "cell_type": "code",
   "execution_count": 8,
   "metadata": {},
   "outputs": [
    {
     "data": {
      "text/plain": [
       "['age',\n",
       " 'tenure',\n",
       " 'avg_call_duration',\n",
       " 'data_usage',\n",
       " 'roaming_usage',\n",
       " 'monthly_charge',\n",
       " 'avg_top_up_count',\n",
       " 'call_drops',\n",
       " 'customer_support_calls',\n",
       " 'satisfaction_score']"
      ]
     },
     "execution_count": 8,
     "metadata": {},
     "output_type": "execute_result"
    }
   ],
   "source": [
    "num_features"
   ]
  },
  {
   "cell_type": "code",
   "execution_count": 9,
   "metadata": {},
   "outputs": [],
   "source": [
    "\n",
    "# Eksik verileri doldurma\n",
    "df.fillna(df.median(numeric_only=True), inplace=True)  # Sayısal eksik değerleri medyan ile doldur\n",
    "\n",
    "df.fillna(\"Unknown\", inplace=True)  # Kategorik eksik değerleri 'Unknown' ile doldur\n",
    "\n",
    "# Hedef değişken (churn)\n",
    "y = df[\"churn\"].astype(int)\n",
    "X = df.drop(columns=[\"id\", \"churn\"])  # ID'yi ve hedef değişkeni çıkar\n",
    "X[\"auto_payment\"] = X[\"auto_payment\"].astype(str)\n"
   ]
  },
  {
   "cell_type": "code",
   "execution_count": 10,
   "metadata": {},
   "outputs": [],
   "source": [
    "import numpy as np\n",
    "from typing import List, Tuple, Union, Optional\n",
    "\n",
    "def detect_outliers(data: List[Union[int, float]], \n",
    "                   method: str = 'zscore',\n",
    "                   threshold: float = 3.0) -> Tuple[List[Union[int, float]], List[int]]:\n",
    "    \"\"\"\n",
    "    Detect outliers in a dataset using various statistical methods.\n",
    "    \n",
    "    Parameters:\n",
    "    -----------\n",
    "    data : List[Union[int, float]]\n",
    "        Input data as a list of numbers\n",
    "    method : str\n",
    "        Method to use for outlier detection:\n",
    "        - 'zscore': Uses Z-score method\n",
    "        - 'iqr': Uses Interquartile Range method\n",
    "        - 'modified_zscore': Uses modified Z-score method\n",
    "    threshold : float\n",
    "        Threshold for outlier detection:\n",
    "        - For zscore/modified_zscore: number of standard deviations (default: 3.0)\n",
    "        - For IQR: multiplier for IQR range (default: 3.0)\n",
    "    \n",
    "    Returns:\n",
    "    --------\n",
    "    Tuple[List[Union[int, float]], List[int]]\n",
    "        - List of outlier values\n",
    "        - List of indices where outliers were found\n",
    "    \"\"\"\n",
    "    if not data:\n",
    "        return [], []\n",
    "    \n",
    "    # Convert to numpy array for calculations\n",
    "    arr = np.array(data)\n",
    "    \n",
    "    if method.lower() == 'zscore':\n",
    "        z_scores = np.abs((arr - np.mean(arr)) / np.std(arr))\n",
    "        outlier_indices = np.where(z_scores > threshold)[0]\n",
    "    \n",
    "    elif method.lower() == 'iqr':\n",
    "        q1 = np.percentile(arr, 25)\n",
    "        q3 = np.percentile(arr, 75)\n",
    "        iqr = q3 - q1\n",
    "        lower_bound = q1 - threshold * iqr\n",
    "        upper_bound = q3 + threshold * iqr\n",
    "        outlier_indices = np.where((arr < lower_bound) | (arr > upper_bound))[0]\n",
    "    \n",
    "    elif method.lower() == 'modified_zscore':\n",
    "        median = np.median(arr)\n",
    "        mad = np.median(np.abs(arr - median))\n",
    "        modified_z_scores = np.abs(0.6745 * (arr - median) / mad)\n",
    "        outlier_indices = np.where(modified_z_scores > threshold)[0]\n",
    "    \n",
    "    else:\n",
    "        raise ValueError(\"Method must be one of: 'zscore', 'iqr', 'modified_zscore'\")\n",
    "    \n",
    "    outlier_values = arr[outlier_indices].tolist()\n",
    "    return outlier_values, outlier_indices.tolist()\n",
    "\n",
    "def analyze_outliers(data: List[Union[int, float]], \n",
    "                    threshold: float = 3.0) -> dict:\n",
    "    \"\"\"\n",
    "    Analyze outliers using all available methods and return comprehensive results.\n",
    "    \n",
    "    Parameters:\n",
    "    -----------\n",
    "    data : List[Union[int, float]]\n",
    "        Input data as a list of numbers\n",
    "    threshold : float\n",
    "        Threshold for outlier detection\n",
    "        \n",
    "    Returns:\n",
    "    --------\n",
    "    dict\n",
    "        Dictionary containing outlier analysis results for each method\n",
    "    \"\"\"\n",
    "    methods = ['zscore', 'iqr', 'modified_zscore']\n",
    "    results = {}\n",
    "    \n",
    "    for method in methods:\n",
    "        outliers, indices = detect_outliers(data, method=method, threshold=threshold)\n",
    "        results[method] = {\n",
    "            'outliers': outliers,\n",
    "            'indices': indices,\n",
    "            'count': len(outliers),\n",
    "            'percentage': (len(outliers) / len(data)) * 100 if data else 0\n",
    "        }\n",
    "    \n",
    "    return results"
   ]
  },
  {
   "cell_type": "code",
   "execution_count": 36,
   "metadata": {},
   "outputs": [
    {
     "name": "stderr",
     "output_type": "stream",
     "text": [
      "C:\\Users\\osman\\AppData\\Local\\Temp\\ipykernel_14360\\3781366031.py:51: RuntimeWarning:\n",
      "\n",
      "divide by zero encountered in divide\n",
      "\n",
      "C:\\Users\\osman\\AppData\\Local\\Temp\\ipykernel_14360\\3781366031.py:51: RuntimeWarning:\n",
      "\n",
      "invalid value encountered in divide\n",
      "\n"
     ]
    }
   ],
   "source": [
    "list_of_outliers = []\n",
    "for col in num_features:\n",
    "    a = analyze_outliers(list(df[col]))\n",
    "    \n",
    "    list_of_outliers.extend(a[\"zscore\"][\"indices\"])"
   ]
  },
  {
   "cell_type": "code",
   "execution_count": 37,
   "metadata": {},
   "outputs": [
    {
     "data": {
      "text/plain": [
       "70044"
      ]
     },
     "execution_count": 37,
     "metadata": {},
     "output_type": "execute_result"
    }
   ],
   "source": [
    "len(set(list_of_outliers))"
   ]
  },
  {
   "cell_type": "code",
   "execution_count": 14,
   "metadata": {},
   "outputs": [
    {
     "data": {
      "text/html": [
       "<div>\n",
       "<style scoped>\n",
       "    .dataframe tbody tr th:only-of-type {\n",
       "        vertical-align: middle;\n",
       "    }\n",
       "\n",
       "    .dataframe tbody tr th {\n",
       "        vertical-align: top;\n",
       "    }\n",
       "\n",
       "    .dataframe thead th {\n",
       "        text-align: right;\n",
       "    }\n",
       "</style>\n",
       "<table border=\"1\" class=\"dataframe\">\n",
       "  <thead>\n",
       "    <tr style=\"text-align: right;\">\n",
       "      <th></th>\n",
       "      <th>service_type</th>\n",
       "      <th>auto_payment</th>\n",
       "      <th>overdue_payments</th>\n",
       "      <th>churn</th>\n",
       "      <th>İzleGo</th>\n",
       "      <th>RitimGo</th>\n",
       "      <th>CüzdanX</th>\n",
       "      <th>HızlıPazar</th>\n",
       "      <th>Konuşalım</th>\n",
       "    </tr>\n",
       "  </thead>\n",
       "  <tbody>\n",
       "    <tr>\n",
       "      <th>0</th>\n",
       "      <td>Prepaid</td>\n",
       "      <td>Unknown</td>\n",
       "      <td>0</td>\n",
       "      <td>False</td>\n",
       "      <td>0</td>\n",
       "      <td>0</td>\n",
       "      <td>0</td>\n",
       "      <td>0</td>\n",
       "      <td>0</td>\n",
       "    </tr>\n",
       "    <tr>\n",
       "      <th>1</th>\n",
       "      <td>Prepaid</td>\n",
       "      <td>Unknown</td>\n",
       "      <td>0</td>\n",
       "      <td>False</td>\n",
       "      <td>0</td>\n",
       "      <td>0</td>\n",
       "      <td>0</td>\n",
       "      <td>0</td>\n",
       "      <td>0</td>\n",
       "    </tr>\n",
       "    <tr>\n",
       "      <th>2</th>\n",
       "      <td>Postpaid</td>\n",
       "      <td>True</td>\n",
       "      <td>0</td>\n",
       "      <td>False</td>\n",
       "      <td>0</td>\n",
       "      <td>0</td>\n",
       "      <td>0</td>\n",
       "      <td>0</td>\n",
       "      <td>0</td>\n",
       "    </tr>\n",
       "    <tr>\n",
       "      <th>3</th>\n",
       "      <td>Prepaid</td>\n",
       "      <td>Unknown</td>\n",
       "      <td>0</td>\n",
       "      <td>False</td>\n",
       "      <td>0</td>\n",
       "      <td>1</td>\n",
       "      <td>0</td>\n",
       "      <td>0</td>\n",
       "      <td>0</td>\n",
       "    </tr>\n",
       "    <tr>\n",
       "      <th>4</th>\n",
       "      <td>Prepaid</td>\n",
       "      <td>Unknown</td>\n",
       "      <td>0</td>\n",
       "      <td>False</td>\n",
       "      <td>0</td>\n",
       "      <td>0</td>\n",
       "      <td>0</td>\n",
       "      <td>0</td>\n",
       "      <td>0</td>\n",
       "    </tr>\n",
       "    <tr>\n",
       "      <th>...</th>\n",
       "      <td>...</td>\n",
       "      <td>...</td>\n",
       "      <td>...</td>\n",
       "      <td>...</td>\n",
       "      <td>...</td>\n",
       "      <td>...</td>\n",
       "      <td>...</td>\n",
       "      <td>...</td>\n",
       "      <td>...</td>\n",
       "    </tr>\n",
       "    <tr>\n",
       "      <th>9999995</th>\n",
       "      <td>Broadband</td>\n",
       "      <td>False</td>\n",
       "      <td>3</td>\n",
       "      <td>False</td>\n",
       "      <td>0</td>\n",
       "      <td>0</td>\n",
       "      <td>0</td>\n",
       "      <td>0</td>\n",
       "      <td>1</td>\n",
       "    </tr>\n",
       "    <tr>\n",
       "      <th>9999996</th>\n",
       "      <td>Prepaid</td>\n",
       "      <td>Unknown</td>\n",
       "      <td>0</td>\n",
       "      <td>False</td>\n",
       "      <td>0</td>\n",
       "      <td>0</td>\n",
       "      <td>0</td>\n",
       "      <td>0</td>\n",
       "      <td>0</td>\n",
       "    </tr>\n",
       "    <tr>\n",
       "      <th>9999997</th>\n",
       "      <td>Prepaid</td>\n",
       "      <td>Unknown</td>\n",
       "      <td>0</td>\n",
       "      <td>False</td>\n",
       "      <td>0</td>\n",
       "      <td>0</td>\n",
       "      <td>0</td>\n",
       "      <td>0</td>\n",
       "      <td>1</td>\n",
       "    </tr>\n",
       "    <tr>\n",
       "      <th>9999998</th>\n",
       "      <td>Broadband</td>\n",
       "      <td>True</td>\n",
       "      <td>5</td>\n",
       "      <td>False</td>\n",
       "      <td>0</td>\n",
       "      <td>0</td>\n",
       "      <td>0</td>\n",
       "      <td>0</td>\n",
       "      <td>1</td>\n",
       "    </tr>\n",
       "    <tr>\n",
       "      <th>9999999</th>\n",
       "      <td>Prepaid</td>\n",
       "      <td>Unknown</td>\n",
       "      <td>0</td>\n",
       "      <td>False</td>\n",
       "      <td>0</td>\n",
       "      <td>0</td>\n",
       "      <td>0</td>\n",
       "      <td>0</td>\n",
       "      <td>0</td>\n",
       "    </tr>\n",
       "  </tbody>\n",
       "</table>\n",
       "<p>10000000 rows × 9 columns</p>\n",
       "</div>"
      ],
      "text/plain": [
       "        service_type auto_payment  overdue_payments  churn  İzleGo  RitimGo  \\\n",
       "0            Prepaid      Unknown                 0  False       0        0   \n",
       "1            Prepaid      Unknown                 0  False       0        0   \n",
       "2           Postpaid         True                 0  False       0        0   \n",
       "3            Prepaid      Unknown                 0  False       0        1   \n",
       "4            Prepaid      Unknown                 0  False       0        0   \n",
       "...              ...          ...               ...    ...     ...      ...   \n",
       "9999995    Broadband        False                 3  False       0        0   \n",
       "9999996      Prepaid      Unknown                 0  False       0        0   \n",
       "9999997      Prepaid      Unknown                 0  False       0        0   \n",
       "9999998    Broadband         True                 5  False       0        0   \n",
       "9999999      Prepaid      Unknown                 0  False       0        0   \n",
       "\n",
       "         CüzdanX  HızlıPazar  Konuşalım  \n",
       "0              0           0          0  \n",
       "1              0           0          0  \n",
       "2              0           0          0  \n",
       "3              0           0          0  \n",
       "4              0           0          0  \n",
       "...          ...         ...        ...  \n",
       "9999995        0           0          1  \n",
       "9999996        0           0          0  \n",
       "9999997        0           0          1  \n",
       "9999998        0           0          1  \n",
       "9999999        0           0          0  \n",
       "\n",
       "[10000000 rows x 9 columns]"
      ]
     },
     "execution_count": 14,
     "metadata": {},
     "output_type": "execute_result"
    }
   ],
   "source": [
    "df[cat_features]"
   ]
  },
  {
   "cell_type": "code",
   "execution_count": 16,
   "metadata": {},
   "outputs": [
    {
     "name": "stdout",
     "output_type": "stream",
     "text": [
      "Number of Observations: 10000000\n",
      "Number of Variables: 20\n",
      "Cat cols: 9, Num cols: 10, Cat but car cols: 1\n"
     ]
    }
   ],
   "source": [
    "\n",
    "# Sayısal ve kategorik değişkenleri ayırma\n",
    "cat_features, num_features, cat_but_car = analyze_data(df[columns])\n",
    "\n",
    "cat_features.remove(\"churn\")"
   ]
  },
  {
   "cell_type": "code",
   "execution_count": 40,
   "metadata": {},
   "outputs": [
    {
     "data": {
      "application/vnd.plotly.v1+json": {
       "config": {
        "plotlyServerURL": "https://plot.ly"
       },
       "data": [
        {
         "coloraxis": "coloraxis",
         "hovertemplate": "x: %{x}<br>y: %{y}<br>color: %{z}<extra></extra>",
         "name": "0",
         "texttemplate": "%{z}",
         "type": "heatmap",
         "x": [
          "age",
          "tenure",
          "avg_call_duration",
          "data_usage",
          "roaming_usage",
          "monthly_charge",
          "avg_top_up_count",
          "call_drops",
          "customer_support_calls",
          "satisfaction_score",
          "churn",
          "overdue_payments",
          "İzleGo",
          "RitimGo",
          "CüzdanX",
          "HızlıPazar",
          "Konuşalım"
         ],
         "xaxis": "x",
         "y": [
          "age",
          "tenure",
          "avg_call_duration",
          "data_usage",
          "roaming_usage",
          "monthly_charge",
          "avg_top_up_count",
          "call_drops",
          "customer_support_calls",
          "satisfaction_score",
          "churn",
          "overdue_payments",
          "İzleGo",
          "RitimGo",
          "CüzdanX",
          "HızlıPazar",
          "Konuşalım"
         ],
         "yaxis": "y",
         "z": [
          [
           1,
           0.17107769387380622,
           -0.0004976658477042347,
           0.00023889611187576633,
           0.0001979787251660807,
           -0.3458936248526926,
           -0.47740922380921846,
           0.0004012460271217818,
           -0.00014472982332644263,
           0.00038875530900319165,
           -0.02736903160645283,
           0.36773651530158946,
           0.000666508514253988,
           0.0002252779830209245,
           0.0000946280487713745,
           0.00023137602379140056,
           -0.00018449664100362724
          ],
          [
           0.17107769387380622,
           1,
           -0.00012802451867312446,
           -0.00009112084729516244,
           0.00014957740697966248,
           -0.03509671973578715,
           -0.04866640803126859,
           0.00003733081155957808,
           -0.000033013433198993174,
           0.0001701441788981215,
           -0.00427762215249411,
           0.037374246164235625,
           0.000415685581413049,
           -0.000037339602055421796,
           -0.00008670320462376231,
           0.00018108505692434416,
           0.00014752637714590853
          ],
          [
           -0.0004976658477042347,
           -0.00012802451867312446,
           1,
           -0.00011288853585382111,
           0.0007912790214033915,
           -0.00001886854845287356,
           0.0007469964545521591,
           0.00003459679807282306,
           -0.00035921443496916285,
           0.00007161037138762772,
           0.00013365647132197657,
           -0.00039936760264582444,
           -0.0005204898850451387,
           -0.000023847328165774798,
           0.00022331942267781694,
           -0.000004807089871300493,
           0.0005807044767711464
          ],
          [
           0.00023889611187576633,
           -0.00009112084729516244,
           -0.00011288853585382111,
           1,
           -0.00024951523692381126,
           -0.0004409800087123677,
           -0.0009331405658714293,
           -0.00006201281341271404,
           0.00020188416768314194,
           -0.0002752415733100291,
           -0.00010646597482267858,
           0.000846887625876514,
           -0.0005827209997721112,
           -0.00028340594223332557,
           0.00037195370938286154,
           0.0004278027084568628,
           -0.0001058836454283779
          ],
          [
           0.0001979787251660807,
           0.00014957740697966248,
           0.0007912790214033915,
           -0.00024951523692381126,
           1,
           -0.0000694781397541624,
           -0.0003929805507609563,
           -0.00030008239444695526,
           -0.00041666275471410115,
           0.0004056833657524267,
           0.0003986022527375257,
           -0.00009775821647207988,
           0.00009219302902152051,
           0.00008615741044899662,
           -0.000027505417450944558,
           0.00025575852233329844,
           -0.000392286566876431
          ],
          [
           -0.3458936248526926,
           -0.03509671973578715,
           -0.00001886854845287356,
           -0.0004409800087123677,
           -0.0000694781397541624,
           1,
           0.5111625090125105,
           0.00018350798324681745,
           0.00012501101119570784,
           0.00001987028802265296,
           0.021480204934936287,
           -0.3929992612250723,
           -0.0005928160456823091,
           -0.000013051904469895761,
           0.0003343647067177428,
           -0.0002464864303919061,
           -0.000386654173865215
          ],
          [
           -0.47740922380921846,
           -0.04866640803126859,
           0.0007469964545521591,
           -0.0009331405658714293,
           -0.0003929805507609563,
           0.5111625090125105,
           1,
           -0.0004974304046631269,
           -0.00031887419078142687,
           -0.00021690878324906964,
           0.027701807779610885,
           -0.5422908455739238,
           -0.00002967255031774197,
           0.0000461232381191903,
           0.0005027862360873206,
           -0.00025171127173436255,
           -0.00004150540694548891
          ],
          [
           0.0004012460271217818,
           0.00003733081155957808,
           0.00003459679807282306,
           -0.00006201281341271404,
           -0.00030008239444695526,
           0.00018350798324681745,
           -0.0004974304046631269,
           1,
           0.00048242605875547834,
           0.00013177380545574392,
           0.005080766840980623,
           0.0003331851766670772,
           0.0002902097095633838,
           0.00047550843512857984,
           0.0006662755604765454,
           0.00002754663009816759,
           0.00011984278661457298
          ],
          [
           -0.00014472982332644263,
           -0.000033013433198993174,
           -0.00035921443496916285,
           0.00020188416768314194,
           -0.00041666275471410115,
           0.00012501101119570784,
           -0.00031887419078142687,
           0.00048242605875547834,
           1,
           -0.00021878261631627261,
           0.0005567984307357789,
           0.0004210451049959026,
           -0.00040547110036178406,
           -0.000044363161342090006,
           0.0004051541344030826,
           -0.00021423565505429137,
           0.00021368731315361318
          ],
          [
           0.00038875530900319165,
           0.0001701441788981215,
           0.00007161037138762772,
           -0.0002752415733100291,
           0.0004056833657524267,
           0.00001987028802265296,
           -0.00021690878324906964,
           0.00013177380545574392,
           -0.00021878261631627261,
           1,
           -0.02325525682861251,
           0.00010461719738504664,
           -0.0000476848681687106,
           -0.000059327375904830046,
           0.00008051946505868283,
           -0.0004347079324780965,
           0.0001707994530613498
          ],
          [
           -0.02736903160645283,
           -0.00427762215249411,
           0.00013365647132197657,
           -0.00010646597482267858,
           0.0003986022527375257,
           0.021480204934936287,
           0.027701807779610885,
           0.005080766840980623,
           0.0005567984307357789,
           -0.02325525682861251,
           1,
           0.014999296326511183,
           -0.009441464735185937,
           -0.017545955490110527,
           -0.0055394233970086915,
           -0.005414466114152937,
           -0.02524816919182967
          ],
          [
           0.36773651530158946,
           0.037374246164235625,
           -0.00039936760264582444,
           0.000846887625876514,
           -0.00009775821647207988,
           -0.3929992612250723,
           -0.5422908455739238,
           0.0003331851766670772,
           0.0004210451049959026,
           0.00010461719738504664,
           0.014999296326511183,
           1,
           0.00016026998438380602,
           0.0003998293099410119,
           -0.0007800738922383155,
           0.0005291796777244121,
           -0.00008696209799662976
          ],
          [
           0.000666508514253988,
           0.000415685581413049,
           -0.0005204898850451387,
           -0.0005827209997721112,
           0.00009219302902152051,
           -0.0005928160456823091,
           -0.00002967255031774197,
           0.0002902097095633838,
           -0.00040547110036178406,
           -0.0000476848681687106,
           -0.009441464735185937,
           0.00016026998438380602,
           1,
           0.00021684854320091256,
           0.0002486820575949866,
           -0.000013064902922504499,
           0.00008354536530339147
          ],
          [
           0.0002252779830209245,
           -0.000037339602055421796,
           -0.000023847328165774798,
           -0.00028340594223332557,
           0.00008615741044899662,
           -0.000013051904469895761,
           0.0000461232381191903,
           0.00047550843512857984,
           -0.000044363161342090006,
           -0.000059327375904830046,
           -0.017545955490110527,
           0.0003998293099410119,
           0.00021684854320091256,
           1,
           -0.0003373863792414633,
           0.0003774704620299205,
           -0.00016174537239192085
          ],
          [
           0.0000946280487713745,
           -0.00008670320462376231,
           0.00022331942267781694,
           0.00037195370938286154,
           -0.000027505417450944558,
           0.0003343647067177428,
           0.0005027862360873206,
           0.0006662755604765454,
           0.0004051541344030826,
           0.00008051946505868283,
           -0.0055394233970086915,
           -0.0007800738922383155,
           0.0002486820575949866,
           -0.0003373863792414633,
           1,
           0.0004494777200762073,
           0.00012268389949961575
          ],
          [
           0.00023137602379140056,
           0.00018108505692434416,
           -0.000004807089871300493,
           0.0004278027084568628,
           0.00025575852233329844,
           -0.0002464864303919061,
           -0.00025171127173436255,
           0.00002754663009816759,
           -0.00021423565505429137,
           -0.0004347079324780965,
           -0.005414466114152937,
           0.0005291796777244121,
           -0.000013064902922504499,
           0.0003774704620299205,
           0.0004494777200762073,
           1,
           -0.00034484186509590103
          ],
          [
           -0.00018449664100362724,
           0.00014752637714590853,
           0.0005807044767711464,
           -0.0001058836454283779,
           -0.000392286566876431,
           -0.000386654173865215,
           -0.00004150540694548891,
           0.00011984278661457298,
           0.00021368731315361318,
           0.0001707994530613498,
           -0.02524816919182967,
           -0.00008696209799662976,
           0.00008354536530339147,
           -0.00016174537239192085,
           0.00012268389949961575,
           -0.00034484186509590103,
           1
          ]
         ]
        }
       ],
       "layout": {
        "coloraxis": {
         "colorscale": [
          [
           0,
           "#0d0887"
          ],
          [
           0.1111111111111111,
           "#46039f"
          ],
          [
           0.2222222222222222,
           "#7201a8"
          ],
          [
           0.3333333333333333,
           "#9c179e"
          ],
          [
           0.4444444444444444,
           "#bd3786"
          ],
          [
           0.5555555555555556,
           "#d8576b"
          ],
          [
           0.6666666666666666,
           "#ed7953"
          ],
          [
           0.7777777777777778,
           "#fb9f3a"
          ],
          [
           0.8888888888888888,
           "#fdca26"
          ],
          [
           1,
           "#f0f921"
          ]
         ]
        },
        "height": 1800,
        "margin": {
         "t": 60
        },
        "template": {
         "data": {
          "bar": [
           {
            "error_x": {
             "color": "#2a3f5f"
            },
            "error_y": {
             "color": "#2a3f5f"
            },
            "marker": {
             "line": {
              "color": "#E5ECF6",
              "width": 0.5
             },
             "pattern": {
              "fillmode": "overlay",
              "size": 10,
              "solidity": 0.2
             }
            },
            "type": "bar"
           }
          ],
          "barpolar": [
           {
            "marker": {
             "line": {
              "color": "#E5ECF6",
              "width": 0.5
             },
             "pattern": {
              "fillmode": "overlay",
              "size": 10,
              "solidity": 0.2
             }
            },
            "type": "barpolar"
           }
          ],
          "carpet": [
           {
            "aaxis": {
             "endlinecolor": "#2a3f5f",
             "gridcolor": "white",
             "linecolor": "white",
             "minorgridcolor": "white",
             "startlinecolor": "#2a3f5f"
            },
            "baxis": {
             "endlinecolor": "#2a3f5f",
             "gridcolor": "white",
             "linecolor": "white",
             "minorgridcolor": "white",
             "startlinecolor": "#2a3f5f"
            },
            "type": "carpet"
           }
          ],
          "choropleth": [
           {
            "colorbar": {
             "outlinewidth": 0,
             "ticks": ""
            },
            "type": "choropleth"
           }
          ],
          "contour": [
           {
            "colorbar": {
             "outlinewidth": 0,
             "ticks": ""
            },
            "colorscale": [
             [
              0,
              "#0d0887"
             ],
             [
              0.1111111111111111,
              "#46039f"
             ],
             [
              0.2222222222222222,
              "#7201a8"
             ],
             [
              0.3333333333333333,
              "#9c179e"
             ],
             [
              0.4444444444444444,
              "#bd3786"
             ],
             [
              0.5555555555555556,
              "#d8576b"
             ],
             [
              0.6666666666666666,
              "#ed7953"
             ],
             [
              0.7777777777777778,
              "#fb9f3a"
             ],
             [
              0.8888888888888888,
              "#fdca26"
             ],
             [
              1,
              "#f0f921"
             ]
            ],
            "type": "contour"
           }
          ],
          "contourcarpet": [
           {
            "colorbar": {
             "outlinewidth": 0,
             "ticks": ""
            },
            "type": "contourcarpet"
           }
          ],
          "heatmap": [
           {
            "colorbar": {
             "outlinewidth": 0,
             "ticks": ""
            },
            "colorscale": [
             [
              0,
              "#0d0887"
             ],
             [
              0.1111111111111111,
              "#46039f"
             ],
             [
              0.2222222222222222,
              "#7201a8"
             ],
             [
              0.3333333333333333,
              "#9c179e"
             ],
             [
              0.4444444444444444,
              "#bd3786"
             ],
             [
              0.5555555555555556,
              "#d8576b"
             ],
             [
              0.6666666666666666,
              "#ed7953"
             ],
             [
              0.7777777777777778,
              "#fb9f3a"
             ],
             [
              0.8888888888888888,
              "#fdca26"
             ],
             [
              1,
              "#f0f921"
             ]
            ],
            "type": "heatmap"
           }
          ],
          "heatmapgl": [
           {
            "colorbar": {
             "outlinewidth": 0,
             "ticks": ""
            },
            "colorscale": [
             [
              0,
              "#0d0887"
             ],
             [
              0.1111111111111111,
              "#46039f"
             ],
             [
              0.2222222222222222,
              "#7201a8"
             ],
             [
              0.3333333333333333,
              "#9c179e"
             ],
             [
              0.4444444444444444,
              "#bd3786"
             ],
             [
              0.5555555555555556,
              "#d8576b"
             ],
             [
              0.6666666666666666,
              "#ed7953"
             ],
             [
              0.7777777777777778,
              "#fb9f3a"
             ],
             [
              0.8888888888888888,
              "#fdca26"
             ],
             [
              1,
              "#f0f921"
             ]
            ],
            "type": "heatmapgl"
           }
          ],
          "histogram": [
           {
            "marker": {
             "pattern": {
              "fillmode": "overlay",
              "size": 10,
              "solidity": 0.2
             }
            },
            "type": "histogram"
           }
          ],
          "histogram2d": [
           {
            "colorbar": {
             "outlinewidth": 0,
             "ticks": ""
            },
            "colorscale": [
             [
              0,
              "#0d0887"
             ],
             [
              0.1111111111111111,
              "#46039f"
             ],
             [
              0.2222222222222222,
              "#7201a8"
             ],
             [
              0.3333333333333333,
              "#9c179e"
             ],
             [
              0.4444444444444444,
              "#bd3786"
             ],
             [
              0.5555555555555556,
              "#d8576b"
             ],
             [
              0.6666666666666666,
              "#ed7953"
             ],
             [
              0.7777777777777778,
              "#fb9f3a"
             ],
             [
              0.8888888888888888,
              "#fdca26"
             ],
             [
              1,
              "#f0f921"
             ]
            ],
            "type": "histogram2d"
           }
          ],
          "histogram2dcontour": [
           {
            "colorbar": {
             "outlinewidth": 0,
             "ticks": ""
            },
            "colorscale": [
             [
              0,
              "#0d0887"
             ],
             [
              0.1111111111111111,
              "#46039f"
             ],
             [
              0.2222222222222222,
              "#7201a8"
             ],
             [
              0.3333333333333333,
              "#9c179e"
             ],
             [
              0.4444444444444444,
              "#bd3786"
             ],
             [
              0.5555555555555556,
              "#d8576b"
             ],
             [
              0.6666666666666666,
              "#ed7953"
             ],
             [
              0.7777777777777778,
              "#fb9f3a"
             ],
             [
              0.8888888888888888,
              "#fdca26"
             ],
             [
              1,
              "#f0f921"
             ]
            ],
            "type": "histogram2dcontour"
           }
          ],
          "mesh3d": [
           {
            "colorbar": {
             "outlinewidth": 0,
             "ticks": ""
            },
            "type": "mesh3d"
           }
          ],
          "parcoords": [
           {
